Mat1
82 -19.5 10.2 11.6 12.6 -10.1 100.4 1233 -10.45 19.231
 1 -19.5 10.2 11.6 12.6 -10.1 112.4 12.3 -10.45 -621
 5  20.1 29.1 -101 12.6 -10.1  12.4 12.3 -10.45 19.231
 1 -19.5 10.2 11.6 12.6 -10.1 117.4 -101 -10.45 312
 6 -19.5 10.2 44.9 12.6 -10.1 100.4 12.3 -10.45 -10.21
 1 -19.5 10.2 1444 12.6 -10.1  42.4 -101 -10.45 19.231
12 -19.5 10.2 11.6 12.6 -10.1 146.1 12.3 -10.45 19.231
11 -19.5 1302 11.6 12.6  12.8 169.4 12.3 -10.45 865
44 -19.5 10.2 -101 12.6 -10.1 100.4 -101 -10.45 -112
 1 -19.5 10.2 11.6 12.6 -10.1 121.2 12.3  10.21 12.12