       1   1   1   1   0   1    261   198   183   183
       2   1   1   1   0   1    271   198   261   261
       3   1   1   1   0   1    193   183   175   175
       4   1   1   1   0   1    261   183   193   193
       5   1   1   1   0   1    143   175   171   171
       6   1   1   1   0   1    193   175   143   143
       7   1   1   1   0   1    130   143   171   171
       8   1   1   1   0   1    169   160   144   144
       9   1   1   1   0   1    392   160   169   169
      10   1   1   1   0   1    383   332   377   377
      11   1   1   1   0   1    345   332   383   383
      12   1   1   1   0   1    353   373   333   333
      13   1   1   1   0   1    354   373   353   353
      14   1   1   1   0   1    369   362   338   338
      15   1   1   1   0   1    361   362   369   369
      16   1   1   1   0   1    378   366   335   335
      17   1   1   1   0   1    384   366   378   378
      18   1   1   1   0   1    317   275   316   316
      19   1   1   1   0   1    315   275   317   317
      20   1   1   1   0   1    263   281   199   199
      21   1   1   1   0   1    381   281   263   263
      22   1   1   1   0   1    194   201   184   184
      23   1   1   1   0   1    267   201   194   194
      24   1   1   1   0   1    113   144   131   131
      25   1   1   1   0   1    135   144   113   113
      26   1   1   1   0   1    148   135   136   136
      27   1   1   1   0   1    161   135   148   148
      28   1   1   1   0   1    121   120   396   396
      29   1   1   1   0   1    276   120   121   121
      30   1   1   1   0   1    118   199   181   181
      31   1   1   1   0   1    263   199   118   118
      32   1   1   1   0   1    170   161   148   148
      33   1   1   1   0   1    180   161   170   170
      34   1   1   1   0   1    160   131   144   144
      35   1   1   1   0   1    398   131   160   160
      36   1   1   1   0   1    130   128   397   397
      37   1   1   1   0   1    147   128   130   130
      38   1   1   1   0   1    147   130   171   171
      39   1   1   1   0   1    352   345   351   351
      40   1   1   1   0   1    344   345   352   352
      41   1   1   1   0   1    364   308   309   309
      42   1   1   1   0   1    363   308   364   364
      43   1   1   1   0   1    320   313   319   319
      44   1   1   1   0   1    336   313   320   320
      45   1   1   1   0   1    381   267   329   329
      46   1   1   1   0   1    209   267   381   381
      47   1   1   1   0   1    284   185   200   200
      48   1   1   1   0   1    202   185   284   284
      49   1   1   1   0   1    258   180   170   170
      50   1   1   1   0   1     79   180   258   258
      51   1   1   1   0   1     80    79   258   258
      52   1   1   1   0   1    191   172   173   173
      53   1   1   1   0   1    190   172   191   191
      54   1   1   1   0   1    112    14    13    13
      55   1   1   1   0   1    111    14   112   112
      56   1   1   1   0   1    143   395    67    67
      57   1   1   1   0   1    112   395   143   143
      58   1   1   1   0   1    334   269   287   287
      59   1   1   1   0   1    210   269   334   334
      60   1   1   1   0   1    201    41    40    40
      61   1   1   1   0   1    122    41   201   201
      62   1   1   1   0   1      9   120    50    50
      63   1   1   1   0   1     74   120     9     9
      64   1   1   1   0   1    381   263   276   276
      65   1   1   1   0   1    247   391    27    27
      66   1   1   1   0   1    246   391   247   247
      67   1   1   1   0   1    244   394    31    31
      68   1   1   1   0   1    243   394   244   244
      69   1   1   1   0   1    233   393    87    87
      70   1   1   1   0   1    232   393   233   233
      71   1   1   1   0   1    256   390   211   211
      72   1   1   1   0   1     17   390   256   256
      73   1   1   1   0   1     73   396   120   120
      74   1   1   1   0   1    261    65    64    64
      75   1   1   1   0   1    193    65   261   261
      76   1   1   1   0   1    257   177   196   196
      77   1   1   1   0   1    162   177   257   257
      78   1   1   1   0   1    257   148   162   162
      79   1   1   1   0   1    170   148   257   257
      80   1   1   1   0   1     77   392   169   169
      81   1   1   1   0   1     75   398   160   160
      82   1   1   1   0   1    201    40   123   123
      83   1   1   1   0   1    130   397    72    72
      84   1   1   1   0   1    122    43    42    42
      85   1   1   1   0   1    121    43   122   122
      86   1   1   1   0   1    119    54    53    53
      87   1   1   1   0   1    118    54   119   119
      88   1   1   1   0   1    398    63   131   131
      89   1   1   1   0   1     11   398    75    75
      90   1   1   1   0   1     11    63   398   398
      91   1   1   1   0   1    397   128    32    32
      92   1   1   1   0   1      4   397    32    32
      93   1   1   1   0   1      4    72   397   397
      94   1   1   1   0   1    396    45   121   121
      95   1   1   1   0   1      6   396    73    73
      96   1   1   1   0   1      6    45   396   396
      97   1   1   1   0   1    395   112    68    68
      98   1   1   1   0   1     12   395    68    68
      99   1   1   1   0   1     12    67   395   395
     100   1   1   1   0   1    394   243    46    46
     101   1   1   1   0   1      3   394    46    46
     102   1   1   1   0   1      3    31   394   394
     103   1   1   1   0   1    393   232    88    88
     104   1   1   1   0   1     16   393    88    88
     105   1   1   1   0   1     16    87   393   393
     106   1   1   1   0   1    392    76   160   160
     107   1   1   1   0   1     15   392    77    77
     108   1   1   1   0   1     15    76   392   392
     109   1   1   1   0   1    391   246    28    28
     110   1   1   1   0   1      2   391    28    28
     111   1   1   1   0   1      2    27   391   391
     112   1   1   1   0   1    390   110   211   211
     113   1   1   1   0   1      1   390    17    17
     114   1   1   1   0   1      1   110   390   390
     115   1   1   1   0   1    385   377   366   366
     116   1   1   1   0   1    351   345   383   383
     117   1   1   1   0   1    335   336   367   367
     118   1   1   1   0   1      8   312   343   343
     119   1   1   1   0   1    280   281   341   341
     120   1   1   1   0   1    121   209   276   276
     121   1   1   1   0   1    143    66   193   193
     122   1   1   1   0   1    387   388   389   389
     123   1   1   1   0   1    384   385   366   366
     124   1   1   1   0   1    376   387   389   389
     125   1   1   1   0   1    209   381   276   276
     126   1   1   1   0   1    372   386   340   340
     127   1   1   1   0   1    389   371   375   375
     128   1   1   1   0   1    370   389   388   388
     129   1   1   1   0   1    388   360   369   369
     130   1   1   1   0   1    387   359   388   388
     131   1   1   1   0   1    358   387   382   382
     132   1   1   1   0   1    357   382   380   380
     133   1   1   1   0   1    386   356   380   380
     134   1   1   1   0   1    355   386   373   373
     135   1   1   1   0   1    385   349   383   383
     136   1   1   1   0   1    384   348   385   385
     137   1   1   1   0   1    347   384   378   378
     138   1   1   1   0   1    383   377   385   385
     139   1   1   1   0   1    376   382   387   387
     140   1   1   1   0   1    375   376   389   389
     141   1   1   1   0   1    372   373   386   386
     142   1   1   1   0   1    380   340   386   386
     143   1   1   1   0   1    342   380   382   382
     144   1   1   1   0   1    370   371   389   389
     145   1   1   1   0   1    369   370   388   388
     146   1   1   1   0   1    379   338   362   362
     147   1   1   1   0   1    368   346   378   378
     148   1   1   1   0   1    367   368   378   378
     149   1   1   1   0   1    378   335   367   367
     150   1   1   1   0   1    364   365   379   379
     151   1   1   1   0   1    363   364   379   379
     152   1   1   1   0   1    362   363   379   379
     153   1   1   1   0   1    360   361   369   369
     154   1   1   1   0   1    359   360   388   388
     155   1   1   1   0   1    358   359   387   387
     156   1   1   1   0   1    357   358   382   382
     157   1   1   1   0   1    356   357   380   380
     158   1   1   1   0   1    355   356   386   386
     159   1   1   1   0   1    354   355   373   373
     160   1   1   1   0   1    352   353   344   344
     161   1   1   1   0   1    350   351   383   383
     162   1   1   1   0   1    349   350   383   383
     163   1   1   1   0   1    348   349   385   385
     164   1   1   1   0   1    347   348   384   384
     165   1   1   1   0   1    346   347   378   378
     166   1   1   1   0   1    377   343   366   366
     167   1   1   1   0   1    376   342   382   382
     168   1   1   1   0   1    375   331   376   376
     169   1   1   1   0   1    374   330   375   375
     170   1   1   1   0   1    341   374   339   339
     171   1   1   1   0   1    329   281   381   381
     172   1   1   1   0   1    372   328   373   373
     173   1   1   1   0   1    327   372   340   340
     174   1   1   1   0   1    342   340   380   380
     175   1   1   1   0   1    365   337   379   379
     176   1   1   1   0   1    371   374   375   375
     177   1   1   1   0   1    371   339   374   374
     178   1   1   1   0   1    370   325   371   371
     179   1   1   1   0   1    369   324   370   370
     180   1   1   1   0   1    337   338   379   379
     181   1   1   1   0   1    368   323   346   346
     182   1   1   1   0   1    367   322   368   368
     183   1   1   1   0   1    321   367   336   336
     184   1   1   1   0   1    312   366   343   343
     185   1   1   1   0   1    364   310   365   365
     186   1   1   1   0   1    362   307   363   363
     187   1   1   1   0   1    361   306   362   362
     188   1   1   1   0   1    360   305   361   361
     189   1   1   1   0   1    359   304   360   360
     190   1   1   1   0   1    358   303   359   359
     191   1   1   1   0   1    357   302   358   358
     192   1   1   1   0   1    356   301   357   357
     193   1   1   1   0   1    355   300   356   356
     194   1   1   1   0   1    354   299   355   355
     195   1   1   1   0   1    353   298   354   354
     196   1   1   1   0   1    352   297   353   353
     197   1   1   1   0   1    351   296   352   352
     198   1   1   1   0   1    350   295   351   351
     199   1   1   1   0   1    349   294   350   350
     200   1   1   1   0   1    348   293   349   349
     201   1   1   1   0   1    347   292   348   348
     202   1   1   1   0   1    346   291   347   347
     203   1   1   1   0   1    290   346   323   323
     204   1   1   1   0   1    345   334   332   332
     205   1   1   1   0   1    344   288   345   345
     206   1   1   1   0   1    333   344   353   353
     207   1   1   1   0   1    343   270     8     8
     208   1   1   1   0   1    332   343   377   377
     209   1   1   1   0   1    331   342   376   376
     210   1   1   1   0   1    330   331   375   375
     211   1   1   1   0   1    341   330   374   374
     212   1   1   1   0   1    329   341   281   281
     213   1   1   1   0   1    328   333   373   373
     214   1   1   1   0   1    327   328   372   372
     215   1   1   1   0   1    340   282   327   327
     216   1   1   1   0   1    286   340   342   342
     217   1   1   1   0   1    326   337   365   365
     218   1   1   1   0   1    339   280   341   341
     219   1   1   1   0   1    325   339   371   371
     220   1   1   1   0   1    324   325   370   370
     221   1   1   1   0   1    338   324   369   369
     222   1   1   1   0   1    337   278   338   338
     223   1   1   1   0   1    322   323   368   368
     224   1   1   1   0   1    321   322   367   367
     225   1   1   1   0   1    320   321   336   336
     226   1   1   1   0   1    318   319   313   313
     227   1   1   1   0   1    317   318   314   314
     228   1   1   1   0   1    314   315   317   317
     229   1   1   1   0   1    313   314   318   318
     230   1   1   1   0   1    335   274   336   336
     231   1   1   1   0   1    312   335   366   366
     232   1   1   1   0   1    311   326   365   365
     233   1   1   1   0   1    310   311   365   365
     234   1   1   1   0   1    309   310   364   364
     235   1   1   1   0   1    273   309   308   308
     236   1   1   1   0   1    307   308   363   363
     237   1   1   1   0   1    306   307   362   362
     238   1   1   1   0   1    305   306   361   361
     239   1   1   1   0   1    304   305   360   360
     240   1   1   1   0   1    303   304   359   359
     241   1   1   1   0   1    302   303   358   358
     242   1   1   1   0   1    301   302   357   357
     243   1   1   1   0   1    300   301   356   356
     244   1   1   1   0   1    299   300   355   355
     245   1   1   1   0   1    298   299   354   354
     246   1   1   1   0   1    297   298   353   353
     247   1   1   1   0   1    296   297   352   352
     248   1   1   1   0   1    295   296   351   351
     249   1   1   1   0   1    294   295   350   350
     250   1   1   1   0   1    293   294   349   349
     251   1   1   1   0   1    292   293   348   348
     252   1   1   1   0   1    291   292   347   347
     253   1   1   1   0   1    290   291   346   346
     254   1   1   1   0   1    289   290   323   323
     255   1   1   1   0   1    288   334   345   345
     256   1   1   1   0   1    333   288   344   344
     257   1   1   1   0   1    332   270   343   343
     258   1   1   1   0   1    287   332   334   334
     259   1   1   1   0   1    331   286   342   342
     260   1   1   1   0   1    330   268   331   331
     261   1   1   1   0   1    285   330   341   341
     262   1   1   1   0   1    329   285   341   341
     263   1   1   1   0   1    328   272   333   333
     264   1   1   1   0   1    327   266   328   328
     265   1   1   1   0   1    284   327   282   282
     266   1   1   1   0   1    286   282   340   340
     267   1   1   1   0   1    326   277   337   337
     268   1   1   1   0   1    279   280   339   339
     269   1   1   1   0   1    325   279   339   339
     270   1   1   1   0   1    324   260   325   325
     271   1   1   1   0   1    278   324   338   338
     272   1   1   1   0   1    277   278   337   337
     273   1   1   1   0   1    323   255   289   289
     274   1   1   1   0   1    322   254   323   323
     275   1   1   1   0   1    321   253   322   322
     276   1   1   1   0   1    320   252   321   321
     277   1   1   1   0   1    319   251   320   320
     278   1   1   1   0   1    318   250   319   319
     279   1   1   1   0   1    317   249   318   318
     280   1   1   1   0   1    248   317   316   316
     281   1   1   1   0   1    275   245   316   316
     282   1   1   1   0   1    315   242   275   275
     283   1   1   1   0   1    314   241   315   315
     284   1   1   1   0   1    313   240   314   314
     285   1   1   1   0   1    274   313   336   336
     286   1   1   1   0   1    312   274   335   335
     287   1   1   1   0   1      7   312     8     8
     288   1   1   1   0   1    311   283   326   326
     289   1   1   1   0   1    311   237   283   283
     290   1   1   1   0   1    310   236   311   311
     291   1   1   1   0   1    309   235   310   310
     292   1   1   1   0   1    273   234   309   309
     293   1   1   1   0   1    308   231   273   273
     294   1   1   1   0   1    307   230   308   308
     295   1   1   1   0   1    306   229   307   307
     296   1   1   1   0   1    305   228   306   306
     297   1   1   1   0   1    304   227   305   305
     298   1   1   1   0   1    303   226   304   304
     299   1   1   1   0   1    302   225   303   303
     300   1   1   1   0   1    301   224   302   302
     301   1   1   1   0   1    300   223   301   301
     302   1   1   1   0   1    299   222   300   300
     303   1   1   1   0   1    298   221   299   299
     304   1   1   1   0   1    297   220   298   298
     305   1   1   1   0   1    296   219   297   297
     306   1   1   1   0   1    295   218   296   296
     307   1   1   1   0   1    294   217   295   295
     308   1   1   1   0   1    293   216   294   294
     309   1   1   1   0   1    292   215   293   293
     310   1   1   1   0   1    291   214   292   292
     311   1   1   1   0   1    290   213   291   291
     312   1   1   1   0   1    289   212   290   290
     313   1   1   1   0   1    288   210   334   334
     314   1   1   1   0   1    272   288   333   333
     315   1   1   1   0   1      8   271    64    64
     316   1   1   1   0   1    287   270   332   332
     317   1   1   1   0   1    268   286   331   331
     318   1   1   1   0   1    285   268   330   330
     319   1   1   1   0   1    267   285   329   329
     320   1   1   1   0   1    266   272   328   328
     321   1   1   1   0   1    284   266   327   327
     322   1   1   1   0   1    269   265   287   287
     323   1   1   1   0   1    283   262   326   326
     324   1   1   1   0   1    203   283   238   238
     325   1   1   1   0   1    282   202   284   284
     326   1   1   1   0   1    264   282   286   286
     327   1   1   1   0   1    262   277   326   326
     328   1   1   1   0   1    261    64   271   271
     329   1   1   1   0   1    280   199   281   281
     330   1   1   1   0   1    191   280   279   279
     331   1   1   1   0   1    279   190   191   191
     332   1   1   1   0   1    260   279   325   325
     333   1   1   1   0   1    278   260   324   324
     334   1   1   1   0   1    277   259   278   278
     335   1   1   1   0   1    256   211   289   289
     336   1   1   1   0   1    255   256   289   289
     337   1   1   1   0   1    254   255   323   323
     338   1   1   1   0   1    253   254   322   322
     339   1   1   1   0   1    252   253   321   321
     340   1   1   1   0   1    251   252   320   320
     341   1   1   1   0   1    250   251   319   319
     342   1   1   1   0   1    249   250   318   318
     343   1   1   1   0   1    248   249   317   317
     344   1   1   1   0   1    247   248   316   316
     345   1   1   1   0   1    246   247   316   316
     346   1   1   1   0   1    245   246   316   316
     347   1   1   1   0   1    275   244   245   245
     348   1   1   1   0   1    242   243   275   275
     349   1   1   1   0   1    241   242   315   315
     350   1   1   1   0   1    240   241   314   314
     351   1   1   1   0   1    274   240   313   313
     352   1   1   1   0   1      7   274   312   312
     353   1   1   1   0   1    238   239   203   203
     354   1   1   1   0   1    237   238   283   283
     355   1   1   1   0   1    236   237   311   311
     356   1   1   1   0   1    235   236   310   310
     357   1   1   1   0   1    234   235   309   309
     358   1   1   1   0   1    273   233   234   234
     359   1   1   1   0   1    231   232   273   273
     360   1   1   1   0   1    230   231   308   308
     361   1   1   1   0   1    229   230   307   307
     362   1   1   1   0   1    228   229   306   306
     363   1   1   1   0   1    227   228   305   305
     364   1   1   1   0   1    226   227   304   304
     365   1   1   1   0   1    225   226   303   303
     366   1   1   1   0   1    224   225   302   302
     367   1   1   1   0   1    223   224   301   301
     368   1   1   1   0   1    222   223   300   300
     369   1   1   1   0   1    221   222   299   299
     370   1   1   1   0   1    220   221   298   298
     371   1   1   1   0   1    219   220   297   297
     372   1   1   1   0   1    218   219   296   296
     373   1   1   1   0   1    217   218   295   295
     374   1   1   1   0   1    216   217   294   294
     375   1   1   1   0   1    215   216   293   293
     376   1   1   1   0   1    214   215   292   292
     377   1   1   1   0   1    213   214   291   291
     378   1   1   1   0   1    212   213   290   290
     379   1   1   1   0   1    211   212   289   289
     380   1   1   1   0   1    272   210   288   288
     381   1   1   1   0   1    208   271     8     8
     382   1   1   1   0   1    270   208     8     8
     383   1   1   1   0   1    265   270   287   287
     384   1   1   1   0   1    268   264   286   286
     385   1   1   1   0   1    207   268   285   285
     386   1   1   1   0   1    267   207   285   285
     387   1   1   1   0   1    266   206   272   272
     388   1   1   1   0   1    200   266   284   284
     389   1   1   1   0   1    205   265   269   269
     390   1   1   1   0   1    203   262   283   283
     391   1   1   1   0   1    196   239   258   258
     392   1   1   1   0   1    264   202   282   282
     393   1   1   1   0   1    262   187   277   277
     394   1   1   1   0   1    191   199   280   280
     395   1   1   1   0   1    260   190   279   279
     396   1   1   1   0   1    259   260   278   278
     397   1   1   1   0   1    187   259   277   277
     398   1   1   1   0   1    258   257   196   196
     399   1   1   1   0   1    119   120   276   276
     400   1   1   1   0   1    263   119   276   276
     401   1   1   1   0   1    118   119   263   263
     402   1   1   1   0   1    255    18   256   256
     403   1   1   1   0   1    254    19   255   255
     404   1   1   1   0   1    253    20   254   254
     405   1   1   1   0   1    252    21   253   253
     406   1   1   1   0   1    251    22   252   252
     407   1   1   1   0   1    250    23   251   251
     408   1   1   1   0   1    249    24   250   250
     409   1   1   1   0   1    248    25   249   249
     410   1   1   1   0   1    247    26   248   248
     411   1   1   1   0   1    245    29   246   246
     412   1   1   1   0   1    244    30   245   245
     413   1   1   1   0   1    243   244   275   275
     414   1   1   1   0   1    242    47   243   243
     415   1   1   1   0   1    241    48   242   242
     416   1   1   1   0   1    240    49   241   241
     417   1   1   1   0   1      7   240   274   274
     418   1   1   1   0   1    239    80   258   258
     419   1   1   1   0   1    238    81   239   239
     420   1   1   1   0   1    237    82   238   238
     421   1   1   1   0   1    236    83   237   237
     422   1   1   1   0   1    235    84   236   236
     423   1   1   1   0   1    234    85   235   235
     424   1   1   1   0   1    233    86   234   234
     425   1   1   1   0   1    232   233   273   273
     426   1   1   1   0   1    231    89   232   232
     427   1   1   1   0   1    230    90   231   231
     428   1   1   1   0   1    229    91   230   230
     429   1   1   1   0   1    228    92   229   229
     430   1   1   1   0   1    227    93   228   228
     431   1   1   1   0   1    226    94   227   227
     432   1   1   1   0   1    225    95   226   226
     433   1   1   1   0   1    224    96   225   225
     434   1   1   1   0   1    223    97   224   224
     435   1   1   1   0   1    222    98   223   223
     436   1   1   1   0   1    221    99   222   222
     437   1   1   1   0   1    220   100   221   221
     438   1   1   1   0   1    219   101   220   220
     439   1   1   1   0   1    218   102   219   219
     440   1   1   1   0   1    217   103   218   218
     441   1   1   1   0   1    216   104   217   217
     442   1   1   1   0   1    215   105   216   216
     443   1   1   1   0   1    214   106   215   215
     444   1   1   1   0   1    213   107   214   214
     445   1   1   1   0   1    212   108   213   213
     446   1   1   1   0   1    211   109   212   212
     447   1   1   1   0   1    210   204   269   269
     448   1   1   1   0   1    206   210   272   272
     449   1   1   1   0   1    209   201   267   267
     450   1   1   1   0   1    122   209   121   121
     451   1   1   1   0   1    208   198   271   271
     452   1   1   1   0   1    265   208   270   270
     453   1   1   1   0   1    197   208   265   265
     454   1   1   1   0   1    204   205   269   269
     455   1   1   1   0   1    207   264   268   268
     456   1   1   1   0   1    207   195   264   264
     457   1   1   1   0   1    194   207   267   267
     458   1   1   1   0   1    200   206   266   266
     459   1   1   1   0   1    205   197   265   265
     460   1   1   1   0   1    203   186   262   262
     461   1   1   1   0   1    196   203   239   239
     462   1   1   1   0   1    195   202   264   264
     463   1   1   1   0   1    188   189   205   205
     464   1   1   1   0   1    186   187   262   262
     465   1   1   1   0   1    191   181   199   199
     466   1   1   1   0   1    259   190   260   260
     467   1   1   1   0   1    178   190   259   259
     468   1   1   1   0   1    187   178   259   259
     469   1   1   1   0   1    170   257   258   258
     470   1   1   1   0   1    169   161   180   180
     471   1   1   1   0   1    111   143   130   130
     472   1   1   1   0   1    119    51   120   120
     473   1   1   1   0   1     18    17   256   256
     474   1   1   1   0   1     19    18   255   255
     475   1   1   1   0   1     20    19   254   254
     476   1   1   1   0   1     21    20   253   253
     477   1   1   1   0   1     22    21   252   252
     478   1   1   1   0   1     23    22   251   251
     479   1   1   1   0   1     24    23   250   250
     480   1   1   1   0   1     25    24   249   249
     481   1   1   1   0   1     26    25   248   248
     482   1   1   1   0   1     27    26   247   247
     483   1   1   1   0   1     29    28   246   246
     484   1   1   1   0   1     30    29   245   245
     485   1   1   1   0   1     31    30   244   244
     486   1   1   1   0   1     47    46   243   243
     487   1   1   1   0   1     48    47   242   242
     488   1   1   1   0   1     49    48   241   241
     489   1   1   1   0   1      7    49   240   240
     490   1   1   1   0   1     66    65   193   193
     491   1   1   1   0   1     67    66   143   143
     492   1   1   1   0   1     74    73   120   120
     493   1   1   1   0   1     78    77   169   169
     494   1   1   1   0   1    180    78   169   169
     495   1   1   1   0   1     79    78   180   180
     496   1   1   1   0   1     81    80   239   239
     497   1   1   1   0   1     82    81   238   238
     498   1   1   1   0   1     83    82   237   237
     499   1   1   1   0   1     84    83   236   236
     500   1   1   1   0   1     85    84   235   235
     501   1   1   1   0   1     86    85   234   234
     502   1   1   1   0   1     87    86   233   233
     503   1   1   1   0   1     89    88   232   232
     504   1   1   1   0   1     90    89   231   231
     505   1   1   1   0   1     91    90   230   230
     506   1   1   1   0   1     92    91   229   229
     507   1   1   1   0   1     93    92   228   228
     508   1   1   1   0   1     94    93   227   227
     509   1   1   1   0   1     95    94   226   226
     510   1   1   1   0   1     96    95   225   225
     511   1   1   1   0   1     97    96   224   224
     512   1   1   1   0   1     98    97   223   223
     513   1   1   1   0   1     99    98   222   222
     514   1   1   1   0   1    100    99   221   221
     515   1   1   1   0   1    101   100   220   220
     516   1   1   1   0   1    102   101   219   219
     517   1   1   1   0   1    103   102   218   218
     518   1   1   1   0   1    104   103   217   217
     519   1   1   1   0   1    105   104   216   216
     520   1   1   1   0   1    106   105   215   215
     521   1   1   1   0   1    107   106   214   214
     522   1   1   1   0   1    108   107   213   213
     523   1   1   1   0   1    109   108   212   212
     524   1   1   1   0   1    110   109   211   211
     525   1   1   1   0   1    206   204   210   210
     526   1   1   1   0   1    122   201   209   209
     527   1   1   1   0   1    197   198   208   208
     528   1   1   1   0   1    204   188   205   205
     529   1   1   1   0   1    192   204   206   206
     530   1   1   1   0   1    194   195   207   207
     531   1   1   1   0   1    200   192   206   206
     532   1   1   1   0   1    182   200   185   185
     533   1   1   1   0   1    197   179   198   198
     534   1   1   1   0   1    189   197   205   205
     535   1   1   1   0   1    192   188   204   204
     536   1   1   1   0   1    196   186   203   203
     537   1   1   1   0   1    195   185   202   202
     538   1   1   1   0   1    194   176   195   195
     539   1   1   1   0   1    123   184   201   201
     540   1   1   1   0   1    182   192   200   200
     541   1   1   1   0   1    179   183   198   198
     542   1   1   1   0   1    189   179   197   197
     543   1   1   1   0   1    159   189   168   168
     544   1   1   1   0   1    188   168   189   189
     545   1   1   1   0   1    174   188   192   192
     546   1   1   1   0   1    186   167   187   187
     547   1   1   1   0   1    177   186   196   196
     548   1   1   1   0   1    185   166   182   182
     549   1   1   1   0   1    176   185   195   195
     550   1   1   1   0   1    184   176   194   194
     551   1   1   1   0   1    157   184   123   123
     552   1   1   1   0   1    182   174   192   192
     553   1   1   1   0   1    164   182   166   166
     554   1   1   1   0   1    181   132   118   118
     555   1   1   1   0   1    173   181   191   191
     556   1   1   1   0   1    178   172   190   190
     557   1   1   1   0   1    179   165   183   183
     558   1   1   1   0   1    159   179   189   189
     559   1   1   1   0   1    174   168   188   188
     560   1   1   1   0   1    167   178   187   187
     561   1   1   1   0   1    177   167   186   186
     562   1   1   1   0   1    158   177   162   162
     563   1   1   1   0   1    176   166   185   185
     564   1   1   1   0   1    157   176   184   184
     565   1   1   1   0   1    165   175   183   183
     566   1   1   1   0   1    164   174   182   182
     567   1   1   1   0   1    173   132   181   181
     568   1   1   1   0   1    172   152   173   173
     569   1   1   1   0   1    163   172   178   178
     570   1   1   1   0   1    156   171   175   175
     571   1   1   1   0   1    159   165   179   179
     572   1   1   1   0   1    168   154   159   159
     573   1   1   1   0   1    153   168   174   174
     574   1   1   1   0   1    167   163   178   178
     575   1   1   1   0   1    158   167   177   177
     576   1   1   1   0   1    166   151   164   164
     577   1   1   1   0   1    157   166   176   176
     578   1   1   1   0   1    165   156   175   175
     579   1   1   1   0   1    164   153   174   174
     580   1   1   1   0   1    152   132   173   173
     581   1   1   1   0   1    163   152   172   172
     582   1   1   1   0   1    156   147   171   171
     583   1   1   1   0   1    144   161   169   169
     584   1   1   1   0   1    159   150   165   165
     585   1   1   1   0   1    153   154   168   168
     586   1   1   1   0   1    158   163   167   167
     587   1   1   1   0   1    158   146   163   163
     588   1   1   1   0   1    145   158   162   162
     589   1   1   1   0   1    151   149   164   164
     590   1   1   1   0   1    157   151   166   166
     591   1   1   1   0   1    142   157   123   123
     592   1   1   1   0   1    150   156   165   165
     593   1   1   1   0   1    149   153   164   164
     594   1   1   1   0   1    152   134   132   132
     595   1   1   1   0   1    146   152   163   163
     596   1   1   1   0   1    141   147   156   156
     597   1   1   1   0   1    137   145   162   162
     598   1   1   1   0   1    148   137   162   162
     599   1   1   1   0   1    144   135   161   161
     600   1   1   1   0   1    132    56   118   118
     601   1   1   1   0   1     10   132   134   134
     602   1   1   1   0   1    123    39   142   142
     603   1   1   1   0   1     71   111   130   130
     604   1   1   1   0   1     76    75   160   160
     605   1   1   1   0   1    154   155   159   159
     606   1   1   1   0   1    155   150   159   159
     607   1   1   1   0   1    154   139   155   155
     608   1   1   1   0   1    138   154   153   153
     609   1   1   1   0   1    145   146   158   158
     610   1   1   1   0   1    151   133   149   149
     611   1   1   1   0   1    142   151   157   157
     612   1   1   1   0   1    150   141   156   156
     613   1   1   1   0   1    140   150   155   155
     614   1   1   1   0   1    139   140   155   155
     615   1   1   1   0   1    138   139   154   154
     616   1   1   1   0   1    149   138   153   153
     617   1   1   1   0   1    129   149   133   133
     618   1   1   1   0   1    146   134   152   152
     619   1   1   1   0   1    145   117   146   146
     620   1   1   1   0   1    142   133   151   151
     621   1   1   1   0   1      5   142    39    39
     622   1   1   1   0   1    141   127   147   147
     623   1   1   1   0   1    140   141   150   150
     624   1   1   1   0   1    140   126   141   141
     625   1   1   1   0   1    139   125   140   140
     626   1   1   1   0   1    138   124   139   139
     627   1   1   1   0   1    129   138   149   149
     628   1   1   1   0   1    137   116   145   145
     629   1   1   1   0   1    136   137   148   148
     630   1   1   1   0   1    136   115   137   137
     631   1   1   1   0   1    135   114   136   136
     632   1   1   1   0   1    127   128   147   147
     633   1   1   1   0   1    134    57    10    10
     634   1   1   1   0   1    117   134   146   146
     635   1   1   1   0   1    116   117   145   145
     636   1   1   1   0   1    111   112   143   143
     637   1   1   1   0   1    133    38   129   129
     638   1   1   1   0   1      5   133   142   142
     639   1   1   1   0   1    126   127   141   141
     640   1   1   1   0   1    125   126   140   140
     641   1   1   1   0   1    124   125   139   139
     642   1   1   1   0   1    129   124   138   138
     643   1   1   1   0   1    115   116   137   137
     644   1   1   1   0   1    114   115   136   136
     645   1   1   1   0   1    113   114   135   135
     646   1   1   1   0   1    127    33   128   128
     647   1   1   1   0   1    117    57   134   134
     648   1   1   1   0   1    116    58   117   117
     649   1   1   1   0   1     62   113   131   131
     650   1   1   1   0   1     38    37   129   129
     651   1   1   1   0   1      5    38   133   133
     652   1   1   1   0   1     45    44   121   121
     653   1   1   1   0   1     56    55   118   118
     654   1   1   1   0   1     10    56   132   132
     655   1   1   1   0   1     63    62   131   131
     656   1   1   1   0   1     72    71   130   130
     657   1   1   1   0   1    126    34   127   127
     658   1   1   1   0   1    125    35   126   126
     659   1   1   1   0   1    124    36   125   125
     660   1   1   1   0   1     37   124   129   129
     661   1   1   1   0   1    115    59   116   116
     662   1   1   1   0   1    114    60   115   115
     663   1   1   1   0   1     61   114   113   113
     664   1   1   1   0   1     33    32   128   128
     665   1   1   1   0   1     34    33   127   127
     666   1   1   1   0   1     35    34   126   126
     667   1   1   1   0   1     36    35   125   125
     668   1   1   1   0   1     37    36   124   124
     669   1   1   1   0   1     40    39   123   123
     670   1   1   1   0   1     42    41   122   122
     671   1   1   1   0   1     44    43   121   121
     672   1   1   1   0   1     51    50   120   120
     673   1   1   1   0   1     52    51   119   119
     674   1   1   1   0   1     53    52   119   119
     675   1   1   1   0   1     55    54   118   118
     676   1   1   1   0   1     58    57   117   117
     677   1   1   1   0   1     59    58   116   116
     678   1   1   1   0   1     60    59   115   115
     679   1   1   1   0   1     61    60   114   114
     680   1   1   1   0   1     62    61   113   113
     681   1   1   1   0   1     71    70   111   111
     682   1   1   1   0   1     69    68   112   112
     683   1   1   1   0   1     13    69   112   112
     684   1   1   1   0   1     70    14   111   111